rm(list=ls())
> load("TrustC.Rdata")
> tr <- subset(TrustC, select = c(Concern, KKS, ppltrst, pplfair, pplhlp, 
+                                Povertyrisk, Deprivation, hincfel34, RHEthnicity, RHFEthnicity,
+                                 parties, justice, administration,
+                                government, parliament, public
+                                ))
> library(psych)
> corr.test(tr, use ="pairwise", method = "pearson")
Call:corr.test(x = tr, use = "pairwise", method = "pearson")
Correlation matrix 
               Concern   KKS ppltrst pplfair pplhlp Povertyrisk Deprivation hincfel34 RHEthnicity RHFEthnicity parties justice administration government parliament public
Concern           1.00  0.50    0.37    0.46   0.42       -0.38       -0.34     -0.48        0.30         0.38    0.25    0.35           0.24       0.19       0.36   0.78
KKS               0.50  1.00    0.65    0.68   0.74       -0.34       -0.50     -0.59        0.38         0.48    0.47    0.59           0.68       0.62       0.57   0.52
ppltrst           0.37  0.65    1.00    0.90   0.88       -0.41       -0.60     -0.69        0.03         0.12    0.59    0.90           0.80       0.69       0.75   0.60
pplfair           0.46  0.68    0.90    1.00   0.89       -0.42       -0.64     -0.73        0.11         0.26    0.56    0.90           0.80       0.68       0.73   0.64
pplhlp            0.42  0.74    0.88    0.89   1.00       -0.47       -0.59     -0.70        0.06         0.15    0.53    0.82           0.75       0.62       0.66   0.56
Povertyrisk      -0.38 -0.34   -0.41   -0.42  -0.47        1.00        0.82      0.64       -0.03        -0.02   -0.47   -0.37          -0.57      -0.48      -0.50  -0.34
Deprivation      -0.34 -0.50   -0.60   -0.64  -0.59        0.82        1.00      0.80        0.20         0.13   -0.45   -0.47          -0.64      -0.57      -0.55  -0.39
hincfel34        -0.48 -0.59   -0.69   -0.73  -0.70        0.64        0.80      1.00        0.04        -0.03   -0.46   -0.60          -0.50      -0.38      -0.51  -0.53
RHEthnicity       0.30  0.38    0.03    0.11   0.06       -0.03        0.20      0.04        1.00         0.96    0.12    0.11           0.14      -0.09       0.10   0.26
RHFEthnicity      0.38  0.48    0.12    0.26   0.15       -0.02        0.13     -0.03        0.96         1.00    0.14    0.21           0.21      -0.04       0.16   0.36
parties           0.25  0.47    0.59    0.56   0.53       -0.47       -0.45     -0.46        0.12         0.14    1.00    0.69           0.73       0.83       0.88   0.31
justice           0.35  0.59    0.90    0.90   0.82       -0.37       -0.47     -0.60        0.11         0.21    0.69    1.00           0.84       0.82       0.87   0.64
administration    0.24  0.68    0.80    0.80   0.75       -0.57       -0.64     -0.50        0.14         0.21    0.73    0.84           1.00       0.87       0.83   0.43
government        0.19  0.62    0.69    0.68   0.62       -0.48       -0.57     -0.38       -0.09        -0.04    0.83    0.82           0.87       1.00       0.91   0.42
parliament        0.36  0.57    0.75    0.73   0.66       -0.50       -0.55     -0.51        0.10         0.16    0.88    0.87           0.83       0.91       1.00   0.57
public            0.78  0.52    0.60    0.64   0.56       -0.34       -0.39     -0.53        0.26         0.36    0.31    0.64           0.43       0.42       0.57   1.00
Sample Size 
               Concern KKS ppltrst pplfair pplhlp Povertyrisk Deprivation hincfel34 RHEthnicity RHFEthnicity parties justice administration government parliament public
Concern             28  28      23      23     23          27          27        23          22           22      28      28             28         28         28     28
KKS                 28  28      23      23     23          27          27        23          22           22      28      28             28         28         28     28
ppltrst             23  23      23      23     23          22          22        23          22           22      23      23             23         23         23     23
pplfair             23  23      23      23     23          22          22        23          22           22      23      23             23         23         23     23
pplhlp              23  23      23      23     23          22          22        23          22           22      23      23             23         23         23     23
Povertyrisk         27  27      22      22     22          27          27        22          21           21      27      27             27         27         27     27
Deprivation         27  27      22      22     22          27          27        22          21           21      27      27             27         27         27     27
hincfel34           23  23      23      23     23          22          22        23          22           22      23      23             23         23         23     23
RHEthnicity         22  22      22      22     22          21          21        22          22           22      22      22             22         22         22     22
RHFEthnicity        22  22      22      22     22          21          21        22          22           22      22      22             22         22         22     22
parties             28  28      23      23     23          27          27        23          22           22      28      28             28         28         28     28
justice             28  28      23      23     23          27          27        23          22           22      28      28             28         28         28     28
administration      28  28      23      23     23          27          27        23          22           22      28      28             28         28         28     28
government          28  28      23      23     23          27          27        23          22           22      28      28             28         28         28     28
parliament          28  28      23      23     23          27          27        23          22           22      28      28             28         28         28     28
public              28  28      23      23     23          27          27        23          22           22      28      28             28         28         28     28
Probability values (Entries above the diagonal are adjusted for multiple tests.) 
               Concern  KKS ppltrst pplfair pplhlp Povertyrisk Deprivation hincfel34 RHEthnicity RHFEthnicity parties justice administration government parliament public
Concern           0.00 0.43    1.00    1.00   1.00        1.00        1.00      0.98        1.00         1.00    1.00    1.00           1.00       1.00       1.00   0.00
KKS               0.01 0.00    0.06    0.03   0.00        1.00        0.47      0.21        1.00         1.00    0.64    0.08           0.01       0.04       0.11   0.29
ppltrst           0.09 0.00    0.00    0.00   0.00        1.00        0.22      0.02        1.00         1.00    0.20    0.00           0.00       0.02       0.00   0.18
pplfair           0.03 0.00    0.00    0.00   0.00        1.00        0.11      0.01        1.00         1.00    0.36    0.00           0.00       0.03       0.01   0.09
pplhlp            0.05 0.00    0.00    0.00   0.00        1.00        0.24      0.02        1.00         1.00    0.57    0.00           0.00       0.12       0.05   0.37
Povertyrisk       0.05 0.08    0.06    0.05   0.03        0.00        0.00      0.10        1.00         1.00    0.71    1.00           0.15       0.64       0.47   1.00
Deprivation       0.08 0.01    0.00    0.00   0.00        0.00        0.00      0.00        1.00         1.00    0.98    0.76           0.03       0.15       0.21   1.00
hincfel34         0.02 0.00    0.00    0.00   0.00        0.00        0.00      0.00        1.00         1.00    1.00    0.19           0.77       1.00       0.71   0.57
RHEthnicity       0.18 0.08    0.90    0.63   0.80        0.89        0.38      0.87        0.00         0.00    1.00    1.00           1.00       1.00       1.00   1.00
RHFEthnicity      0.08 0.02    0.59    0.24   0.51        0.93        0.57      0.88        0.00         0.00    1.00    1.00           1.00       1.00       1.00   1.00
parties           0.19 0.01    0.00    0.01   0.01        0.01        0.02      0.03        0.60         0.52    0.00    0.00           0.00       0.00       0.00   1.00
justice           0.07 0.00    0.00    0.00   0.00        0.06        0.01      0.00        0.61         0.35    0.00    0.00           0.00       0.00       0.00   0.02
administration    0.23 0.00    0.00    0.00   0.00        0.00        0.00      0.01        0.55         0.34    0.00    0.00           0.00       0.00       0.00   1.00
government        0.33 0.00    0.00    0.00   0.00        0.01        0.00      0.07        0.69         0.86    0.00    0.00           0.00       0.00       0.00   1.00
parliament        0.06 0.00    0.00    0.00   0.00        0.01        0.00      0.01        0.66         0.48    0.00    0.00           0.00       0.00       0.00   0.11
public            0.00 0.00    0.00    0.00   0.01        0.08        0.04      0.01        0.24         0.10    0.11    0.00           0.02       0.02       0.00   0.00



rm(list=ls())
> load("TrustC.Rdata")
> tr <- subset(TrustC, select = c(Concern, KKS, ppltrst, pplfair, pplhlp, 
+                                 Povertyrisk, Deprivation, hincfel34, RHEthnicity, RHFEthnicity,
+                                 parties, justice, administration,
+                                 government, parliament, public ))
> summary(tr$Concern)
   Min. 1st Qu.  Median    Mean 3rd Qu.    Max. 
  16.60   27.38   34.15   33.49   38.58   57.10 
> summary(tr$KKS)
   Min. 1st Qu.  Median    Mean 3rd Qu.    Max. 
   51.0    71.0    91.5   101.6   118.5   261.0 
> summary(tr$ppltrst)
   Min. 1st Qu.  Median    Mean 3rd Qu.    Max.    NA's 
  3.600   4.200   4.900   4.917   5.400   6.900       5 
> summary(tr$pplfair)
   Min. 1st Qu.  Median    Mean 3rd Qu.    Max.    NA's 
  4.300   4.900   5.500   5.504   6.000   7.000       5 
> summary(tr$pplhlp)
   Min. 1st Qu.  Median    Mean 3rd Qu.    Max.    NA's 
  3.600   4.200   4.900   4.887   5.550   6.200       5 
> summary(tr$Povertyrisk)
   Min. 1st Qu.  Median    Mean 3rd Qu.    Max.    NA's 
  12.50   17.15   20.10   21.13   24.80   32.80       1 
> summary(tr$Deprivation)
   Min. 1st Qu.  Median    Mean 3rd Qu.    Max.    NA's 
   5.00    7.35   12.60   13.51   17.05   32.60       1 
> summary(tr$hincfel34)
   Min. 1st Qu.  Median    Mean 3rd Qu.    Max.    NA's 
   6.70   14.10   22.20   23.12   28.60   67.00       5 
> summary(tr$RHEthnicity)
   Min. 1st Qu.  Median    Mean 3rd Qu.    Max.    NA's 
 0.0010  0.0400  0.1525  0.1304  0.2105  0.2420       6 
> summary(tr$RHFEthnicity)
   Min. 1st Qu.  Median    Mean 3rd Qu.    Max.    NA's 
 0.0000  0.0250  0.1365  0.1225  0.2045  0.2880       6 
> summary(tr$parties)
   Min. 1st Qu.  Median    Mean 3rd Qu.    Max. 
   5.50   11.82   18.95   19.99   27.70   40.80 
> summary(tr$justice)
   Min. 1st Qu.  Median    Mean 3rd Qu.    Max. 
  19.90   37.70   46.40   50.21   64.55   85.80 
> summary(tr$administration)
   Min. 1st Qu.  Median    Mean 3rd Qu.    Max. 
  23.10   38.90   49.25   49.94   63.48   80.30 
> summary(tr$government)
   Min. 1st Qu.  Median    Mean 3rd Qu.    Max. 
  15.50   27.45   34.35   38.40   49.73   68.10 
> summary(tr$parliament)
   Min. 1st Qu.  Median    Mean 3rd Qu.    Max. 
  13.40   23.23   32.25   36.49   47.52   65.70 
> summary(tr$public)
   Min. 1st Qu.  Median    Mean 3rd Qu.    Max. 
  19.00   33.62   48.50   46.58   56.65   77.50 
>